0(800) 0(400) | 起拍
6(400) 6(400) 5(400) 3(400) 5(400) 6(400) 5(800) 3(400) 2(1600) | 前奏·世上只有妈妈好
3(400) 5(400) 6(400) 5(400) 3(400) 2(400) 3(400) 2(400) 1(1600) | 前奏·幸福享不了
6(400) 6(400) 5(400) 3(400) 5(400) 6(400) 5(800) 3(400) 2(1600) | 世上只有妈妈好
3(400) 5(400) 6(400) 5(400) 3(400) 2(400) 3(400) 2(400) 1(1600) | 有妈的孩子像块宝
6(400) 6(400) 5(400) 3(400) 5(400) 6(400) 5(800) 3(400) 2(1600) | 投进妈妈的怀抱
3(400) 5(400) 6(400) 5(400) 3(400) 2(400) 3(400) 2(400) 1(1600) | 幸福享不了
0(800) 0(400) | 间奏
3(400) 5(400) 6(400) 5(400) 3(400) 2(400) 3(400) 2(400) 1(1600) | 间奏·旋律
6(400) 6(400) 5(400) 3(400) 5(400) 6(400) 5(800) 3(400) 2(1600) | 第二遍·世上只有妈妈好
3(400) 5(400) 6(400) 5(400) 3(400) 2(400) 3(400) 2(400) 1(1600) | 没妈的孩子像根草
6(400) 6(400) 5(400) 3(400) 5(400) 6(400) 5(800) 3(400) 2(1600) | 离开妈妈的怀抱
3(400) 5(400) 6(400) 5(400) 3(400) 2(400) 3(400) 2(400) 1(1600) | 幸福哪里找
6(400) 6(400) 5(400) 3(400) 5(400) 6(400) 5(800) 3(400) 2(1600) | 第三遍·世上只有妈妈好
3(400) 5(400) 6(400) 5(400) 3(400) 2(400) 3(400) 2(400) 1(1600) | 有妈的孩子像块宝
6(400) 6(400) 5(400) 3(400) 5(400) 6(400) 5(800) 3(400) 2(1600) | 投进妈妈的怀抱
3(400) 5(400) 6(400) 5(400) 3(400) 2(400) 3(400) 2(400) 1(1600) | 幸福享不了
6(400) 6(400) 5(400) 3(400) 5(400) 6(400) 5(800) 3(400) 2(1600) | 尾奏
3(400) 5(400) 6(400) 5(400) 3(400) 2(400) 3(400) 2(400) 1(2400) | 尾奏·渐慢结束
0(800) | 收尾