0(600) 0(600) | 起拍
1(300) 2(300) 3(300) 1(300) | 前奏·两只老虎
1(300) 2(300) 3(300) 1(300) | 前奏·跑得快
1(600) 2(600) 3(600) 1(600) | 两只老虎
1(600) 2(600) 3(600) 1(600) | 两只老虎
3(600) 4(600) 5(1200) | 跑得快
3(600) 4(600) 5(1200) | 跑得快
5(600) 6(600) 5(600) 4(600) 3(600) 1(600) | 一只没有眼睛
5(600) 6(600) 5(600) 4(600) 3(600) 1(600) | 一只没有尾巴
1(600) _5(600) 1(1200) | 真奇怪
1(600) _5(600) 1(1200) | 真奇怪
1(600) 2(600) 3(600) 1(600) | 第二遍·两只老虎
1(600) 2(600) 3(600) 1(600) | 两只老虎
3(600) 4(600) 5(1200) | 跑得快
3(600) 4(600) 5(1200) | 跑得快
5(600) 6(600) 5(600) 4(600) 3(600) 1(600) | 一只没有眼睛
5(600) 6(600) 5(600) 4(600) 3(600) 1(600) | 一只没有尾巴
1(600) _5(600) 1(1200) | 真奇怪
1(600) _5(600) 1(1200) | 真奇怪
1(600) 2(600) 3(600) 1(600) 1(2400) | 尾奏·结束
0(600) | 收尾