0(830) 0(415) | 起拍
3(415) 5(415) 6(415) 5(415) 3(830) 2(415) 1(830) 0(830) | 前奏
3(415) 3(415) 5(415) 5(415) 6(415) 5(415) 3(830) 2(415) | 送给你小心心
2(415) 3(415) 5(415) 3(1660) | 送你花一朵
3(415) 3(415) 5(415) 5(415) 6(415) 5(415) 3(830) 2(415) | 你在我生命中
2(415) 3(415) 2(415) 1(1660) | 太多的感动
1(415) 5(415) 6(415) 6(415) ^1(600) 6(415) 5(830) 3(415) | 你是我的天使
2(415) 2(415) 3(415) 5(1660) | 一路指引我
3(415) 3(415) 5(415) 5(415) 6(415) 5(415) 3(830) 2(415) | 无论岁月变幻
2(415) 3(415) 2(415) 1(1660) | 爱你唱成歌
0(415) 6(415) 6(415) ^1(600) ^1(415) 6(415) 5(830) 3(415) | 听我说谢谢你
2(415) 2(415) 3(415) 5(830) 3(415) 3(415) | 因为有你温暖了四季
0(415) 6(415) 6(415) ^1(600) ^1(415) 6(415) 5(830) 3(415) | 谢谢你感谢有你
2(415) 3(415) 2(415) 1(1660) | 世界更美丽
0(830) 0(415) | 间奏
3(415) 5(415) 6(415) 5(415) 3(830) 2(415) 1(830) 0(830) | 间奏·旋律
3(415) 3(415) 5(415) 5(415) 6(415) 5(415) 3(830) 2(415) | 第二遍·送给你小心心
2(415) 3(415) 5(415) 3(1660) | 送你花一朵
3(415) 3(415) 5(415) 5(415) 6(415) 5(415) 3(830) 2(415) | 你在我生命中
2(415) 3(415) 2(415) 1(1660) | 太多的感动
1(415) 5(415) 6(415) 6(415) ^1(600) 6(415) 5(830) 3(415) | 你是我的天使
2(415) 2(415) 3(415) 5(1660) | 一路指引我
3(415) 3(415) 5(415) 5(415) 6(415) 5(415) 3(830) 2(415) | 无论岁月变幻
2(415) 3(415) 2(415) 1(1660) | 爱你唱成歌
0(415) 6(415) 6(415) ^1(600) ^1(415) 6(415) 5(830) 3(415) | 听我说谢谢你
2(415) 2(415) 3(415) 5(830) 3(415) 3(415) | 因为有你温暖了四季
0(415) 6(415) 6(415) ^1(600) ^1(415) 6(415) 5(830) 3(415) | 谢谢你感谢有你
2(415) 3(415) 2(415) 1(1660) | 世界更美丽
0(415) 6(415) 6(415) ^1(600) ^1(415) 6(415) 5(830) 3(415) | 第三遍·我要谢谢你
2(415) 2(415) 3(415) 5(830) 3(415) 3(415) | 因为有你爱常在心底
0(415) 6(415) 6(415) ^1(600) ^1(415) 6(415) 5(830) 3(415) | 谢谢你感谢有你
2(415) 3(415) 2(415) 1(1660) | 把幸福传递
0(415) 3(415) 5(415) 6(415) 5(415) 3(830) 2(415) 1(1660) | 尾奏
0(830) | 结束