0(600) 0(600) | 起拍
1(300) 1(300) 5(300) 5(300) 6(300) 6(300) 5(1200) | 前奏·亮晶晶
4(300) 4(300) 3(300) 3(300) 2(300) 2(300) 1(1200) | 前奏·小星星
1(300) 1(300) 5(300) 5(300) 6(300) 6(300) 5(1200) | 一闪一闪亮晶晶
4(300) 4(300) 3(300) 3(300) 2(300) 2(300) 1(1200) | 满天都是小星星
5(300) 5(300) 4(300) 4(300) 3(300) 3(300) 2(1200) | 挂在天上放光明
5(300) 5(300) 4(300) 4(300) 3(300) 3(300) 2(1200) | 好像许多小眼睛
1(300) 1(300) 5(300) 5(300) 6(300) 6(300) 5(1200) | 一闪一闪亮晶晶
4(300) 4(300) 3(300) 3(300) 2(300) 2(300) 1(1200) | 满天都是小星星
1(300) 1(300) 5(300) 5(300) 6(300) 6(300) 5(1200) | 第二遍·亮晶晶
4(300) 4(300) 3(300) 3(300) 2(300) 2(300) 1(1200) | 满天都是小星星
5(300) 5(300) 4(300) 4(300) 3(300) 3(300) 2(1200) | 挂在天上放光明
5(300) 5(300) 4(300) 4(300) 3(300) 3(300) 2(1200) | 好像许多小眼睛
1(300) 1(300) 5(300) 5(300) 6(300) 6(300) 5(1200) | 一闪一闪亮晶晶
4(300) 4(300) 3(300) 3(300) 2(300) 2(300) 1(1800) | 满天都是小星星·尾音
0(600) | 尾奏