0(1000) | 起拍
5(500) 1(500) 3(500) 5(1000) | 前奏
1(500) 7(500) 3(500) 5(1000) | 前奏
6(500) 7(500) 1(1000) 6(500) | 前奏
5(2000) | 前奏·落音
5(500) 1(500) 3(500) 5(1000) | 你问我爱你有多深
1(500) 7(500) 3(500) 5(1000) | 我爱你有几分
6(500) 7(500) 1(1000) 6(500) | 我的情也真
5(2000) | 我的爱也真
5(500) 1(500) 3(500) 5(1000) | 月亮代表我的心
1(500) 7(500) 3(500) 5(1000) | 你问我爱你有多深
6(500) 7(500) 1(1000) 6(500) | 我爱你有几分
5(2000) | 我的情不移
1(500) 3(500) 5(500) 1(1000) | 轻轻的一个吻
7(500) 6(500) 5(500) 3(1000) | 已经打动我的心
5(500) 1(500) 7(500) 6(1000) | 深深的一段情
5(2000) | 叫我思念到如今
1(500) 3(500) 5(500) 1(1000) | 轻轻的一个吻
7(500) 6(500) 5(500) 3(1000) | 已经打动我的心
5(500) 1(500) 7(500) 6(1000) | 深深的一段情
5(2000) | 叫我思念到如今
0(1000) | 间奏
5(500) 1(500) 3(500) 5(1000) | 你问我爱你有多深
1(500) 7(500) 3(500) 5(1000) | 我爱你有几分
6(500) 7(500) 1(1000) 6(500) | 我的情也真
5(2000) | 我的爱也真
5(500) 1(500) 3(500) 5(1000) | 月亮代表我的心
1(500) 7(500) 3(500) 5(1000) | 你去想一想
6(500) 7(500) 1(1000) 6(500) | 你去看一看
1(2000) | 月亮代表我的心
5(500) 1(500) 3(500) 5(1000) 1(500) 7(500) 3(500) 5(1000) | 尾奏
6(500) 7(500) 1(1000) 6(500) 5(2000) | 尾奏·渐慢
0(1000) | 结束