0(830) 0(830) | 前奏·起拍
1(415) 3(415) 5(415) 6(830) 5(415) 3(415) 1(830) | 前奏·旋律
_5(415) 1(415) 3(415) 4(415) 3(415) 2(415) 1(830) | 总是向你索取
_5(415) 1(415) 2(415) 3(1660) | 却不曾说谢谢你
_5(415) 1(415) 3(415) 4(415) 3(415) 2(415) 1(830) | 直到长大以后
3(415) 2(415) 2(415) 1(1660) | 才懂得你不容易
_5(415) 1(415) 3(415) 4(415) 3(415) 2(415) 1(830) | 每次离开总是
6(415) 5(415) 4(415) 3(1660) | 装作轻松的样子
_5(415) 1(415) 3(415) 4(415) 3(415) 2(415) 1(830) | 微笑着说回去吧
3(415) 2(415) 2(415) 1(1660) | 转身泪湿眼底
1(830) 5(415) 6(415) 6(415) 5(415) 3(415) 3(830) | 多想和从前一样
4(415) 5(415) 1(415) 5(415) 3(1660) | 牵你温暖手掌
1(830) 4(415) 5(415) 6(415) 6(415) ^1(415) 6(830) | 可是你不在我身旁
5(415) 6(415) 5(415) 4(415) 3(1660) | 托清风捎去安康
6(415) 0(415) 7(415) ^1(600) ^1(415) ^1(415) ^1(415) 7(830) | 时光时光慢些吧
^1(600) 6(415) ^1(415) ^1(415) ^1(415) ^2(415) 7(830) | 不要再让你变老了
6(415) 0(415) 7(415) ^1(415) 7(415) 7(415) 7(415) 6(830) | 我愿用我一切
^1(600) 6(415) 5(1660) | 换你岁月长留
6(415) 0(415) 7(415) ^1(600) ^1(415) ^1(415) ^1(415) 7(830) | 一生要强的爸爸
^1(600) 6(415) ^1(415) ^1(415) ^1(415) ^2(415) 7(830) | 我能为你做些什么
6(415) 0(415) 7(415) ^1(415) 7(415) 7(415) 7(415) 6(830) | 微不足道的关心
^2(415) ^1(415) 6(415) 6(1660) | 收下吧
0(830) 0(830) | 间奏·起拍
1(415) 3(415) 5(415) 6(830) 5(415) 3(415) 1(830) | 间奏·旋律
6(415) 0(415) 7(415) ^1(600) ^1(415) ^1(415) ^1(415) 7(830) | 谢谢你做的一切
^1(600) 6(415) ^1(415) ^1(415) ^1(415) ^2(415) 7(830) | 双手撑起我们的家
6(415) 0(415) 7(415) ^1(415) 7(415) 7(415) 7(415) 6(830) | 总是竭尽所有
^1(600) 6(415) 6(415) ^1(415) 6(415) 5(1660) | 把最好的给我
6(415) 0(415) 7(415) ^1(600) ^1(415) ^1(415) ^1(415) 7(830) | 我是你的骄傲吗
^1(600) 6(415) ^1(415) ^1(415) ^1(415) ^2(415) 7(830) | 还在为我而担心吗
6(415) 0(415) 7(415) ^1(415) 7(415) 7(415) 7(415) 6(830) | 你牵挂的孩子啊
^2(415) ^1(415) 6(415) 6(1660) | 长大了
6(415) 0(415) 7(415) ^1(600) ^1(415) ^1(415) ^1(415) 7(830) | 高潮·时光时光慢些吧
^1(600) 6(415) ^1(415) ^1(415) ^1(415) ^2(415) 7(830) | 不要再让你变老了
6(415) 0(415) 7(415) ^1(415) 7(415) 7(415) 7(415) 6(830) | 我愿用我一切
^1(600) 6(415) 5(1660) | 换你岁月长留
6(415) 0(415) 7(415) ^1(600) ^1(415) ^1(415) ^1(415) 7(830) | 我是你的骄傲吗
^1(600) 6(415) ^1(415) ^1(415) ^1(415) ^2(415) 7(830) | 还在为我而担心吗
6(415) 0(415) 7(415) ^1(415) 7(415) 7(415) 7(415) 6(830) | 你牵挂的孩子啊
^2(415) ^1(415) 6(415) 6(1660) | 长大了
0(830) 0(415) 5(415) 6(415) 7(415) ^1(1660) | 感谢一路上有你
0(830) | 尾奏