0(1000) | 起拍
1(500) 3(500) 5(500) 0(500) 2(500) _7(500) _5(500) | 前奏
1(500) 3(500) 5(500) 0(500) 2(500) _7(500) _5(500) | 前奏
1(1000) _5(1000) 1(1000) _5(1000) | 前奏
1(2000) | 前奏·落音
0(500) 1(500) 1(500) _6(500) | 对这个世界
1(500) _6(500) 1(1000) 1(500) 2(500) 2(500) 2(500) 2(500) 3(500) 1(500) | 如果你有太多的抱怨
1(500) _6(500) 1(1000) 1(500) 2(500) 2(500) 2(500) 2(500) 3(500) 1(500) | 跌倒了就不敢继续往前走
1(500) _6(500) 1(1000) 1(500) 2(500) 2(500) 2(500) 2(500) 1(500) 3(500) | 为什么人要这么的脆弱堕落
0(750) 1(250) 1(500) 1(500) _6(500) 1(500) 1(500) 1(500) _6(500) | 请你打开电视看看
1(500) _6(500) 1(1000) 1(500) 2(500) 2(500) 2(500) 2(500) 3(500) 1(1000) | 多少人为生命在努力勇敢的走下去
1(500) _6(500) 1(1000) 1(500) 2(500) 2(500) 2(500) 2(500) 3(500) 1(500) | 我们是不是该知足
0(750) 1(250) 4(750) 3(250) 2(500) 2(500) 1(500) 2(500) 1(500) 2(500) 3(500) | 珍惜一切就算没有拥有
1(2000) 0(500) 3(500) 5(500) |
5(500) 5(500) 5(1000) 5(500) 5(500) 5(500) 5(500) 3(500) 2(500) 1(500) | 还记得你说家是唯一的城堡
1(500) 3(500) 3(1000) 3(500) 3(500) 3(500) 3(500) 3(500) 1(500) _6(500) | 随着稻香河流继续奔跑
_6(500) 1(500) 1(1000) 1(500) 1(500) 2(500) 2(500) 2(500) 1(500) 3(500) | 微微笑小时候的梦我知道
3(2000) 0(500) 3(500) 5(500) | 我知道
5(500) 5(500) 5(1000) 5(500) 5(500) 5(500) 5(500) 3(500) 2(500) 1(500) | 不要哭让萤火虫带着你逃跑
1(500) 3(500) 3(1000) 3(500) 3(500) 3(500) 3(500) 3(500) 1(500) _6(500) | 乡间的歌谣永远的依靠
_6(500) 1(500) 1(1000) 1(500) 1(500) 2(500) 2(500) 2(500) 1(500) | 回家吧回到最初的美好
1(2000) 0(1000) |
1(500) 3(500) 5(500) 0(500) 2(500) _7(500) _5(500) | 间奏
1(500) 3(500) 5(500) 0(500) 2(500) _7(500) _5(500) | 间奏
1(1000) _5(1000) 1(1000) _5(1000) | 间奏
1(2000) 0(500) 1(500) 1(500) | 间奏·衔接
1(500) 1(500) 1(500) 1(500) _6(500) 1(500) 1(500) 1(500) 1(500) 1(500) 1(500) | 说唱·不要这么容易就想放弃
0(500) 1(500) 1(500) 1(500) 1(500) 1(500) 1(500) 1(500) 1(500) 1(500) 1(500) 1(500) 1(500) | 说唱·追不到的梦想换个梦不就得了
0(500) _6(500) 1(500) 1(500) _6(500) 1(500) _6(500) 1(500) 1(500) _6(500) 1(1000) 1(500) 1(500) 1(500) | 说唱·为自己的人生鲜艳上色
1(500) 1(500) 1(500) 1(500) 1(500) 1(500) 1(500) 0(500) 1(500) 1(500) 1(500) | 说唱·笑一个吧功成名就不是目的
1(500) 1(500) 1(500) 1(500) 1(500) 1(500) 1(500) 1(500) 3(500) 2(1000) 1(500) 1(500) _6(500) | 说唱·让自己快乐快乐这才叫做意义
_5(500) 1(500) 1(1000) 1(500) _6(500) 1(500) _6(500) 1(500) _6(500) 1(500) 2(500) | 童年的纸飞机现在终于飞回我手里
2(500) 1(1000) 0(500) 3(500) 3(500) 3(500) 3(500) | 所谓的那快乐
5(500) 3(500) 3(500) 3(500) 3(1000) 3(500) 3(500) 3(500) 3(500) 3(500) 3(500) 3(500) | 赤脚在田里追蜻蜓追到累了
5(500) 3(500) 3(500) 3(500) 3(1000) 3(500) 3(500) 3(500) 3(500) 3(500) 3(500) 3(500) | 偷摘水果被蜜蜂给叮到怕了
5(500) 3(500) 0(500) 3(500) 3(500) 3(500) 2(500) 1(500) 0(500) 1(500) 1(500) 1(500) | 谁在偷笑呢
5(500) 3(500) 3(500) 3(500) 2(500) 2(500) 2(500) 1(500) 1(500) 1(500) 2(500) 3(500) | 我靠着稻草人吹着风唱着歌睡着了
2(500) 1(500) 1(500) 1(500) _6(500) 1(500) 1(500) 1(500) 1(500) 1(500) 1(500) 2(500) 3(500) | 哦哦午后吉他在虫鸣中更清脆
2(500) 1(500) 1(500) 1(500) _6(500) 1(500) 1(500) 1(500) 1(500) 1(500) 1(500) 2(500) 1(500) | 哦哦阳光洒在路上就不怕心碎
0(750) 1(250) 4(750) 3(250) 2(500) 2(500) 1(500) 2(500) 1(500) 2(500) 3(500) | 珍惜一切就算没有拥有
1(2000) 0(500) 3(500) 5(500) |
5(500) 5(500) 5(1000) 5(500) 5(500) 5(500) 5(500) 3(500) 2(500) 1(500) | 副歌2·还记得你说家是唯一的城堡
1(500) 3(500) 3(1000) 3(500) 3(500) 3(500) 3(500) 3(500) 1(500) _6(500) | 随着稻香河流继续奔跑
_6(500) 1(500) 1(1000) 1(500) 1(500) 2(500) 2(500) 2(500) 1(500) 3(500) | 微微笑小时候的梦我知道
3(2000) 0(500) 3(500) 5(500) | 我知道
5(500) 5(500) 5(1000) 5(500) 5(500) 5(500) 5(500) 3(500) 2(500) 1(500) | 不要哭让萤火虫带着你逃跑
1(500) 3(500) 3(1000) 3(500) 3(500) 3(500) 3(500) 3(500) 1(500) _6(500) | 乡间的歌谣永远的依靠
_6(500) 1(500) 1(1000) 1(500) 1(500) 2(500) 2(500) 2(500) 1(500) | 回家吧回到最初的美好
1(2000) 0(500) 3(500) 5(500) |
5(500) 5(500) 5(1000) 5(500) 5(500) 5(500) 5(500) 3(500) 2(500) 1(500) | 副歌3·还记得你说家是唯一的城堡
1(500) 3(500) 3(1000) 3(500) 3(500) 3(500) 3(500) 3(500) 1(500) _6(500) | 随着稻香河流继续奔跑
_6(500) 1(500) 1(1000) 1(500) 1(500) 2(500) 2(500) 2(500) 1(500) | 回家吧回到最初的美好
1(2000) 0(1000) | 尾奏
1(500) 3(500) 5(500) 0(500) 2(500) _7(500) _5(500) | 尾奏
1(1000) _5(1000) 1(2000) | 结束