0(600) 0(600) | 起拍
3(300) 3(300) 3(300) 3(300) 2(300) 2(300) | 前奏·池塘边的榕树上
1(300) 1(300) 1(300) 2(300) 1(300) 6(300) 5(600) | 前奏·知了叫着夏天
3(300) 3(300) 3(300) 3(300) 2(300) 2(300) | 池塘边的榕树上
1(300) 1(300) 1(300) 2(300) 1(300) 6(300) 5(600) | 知了在声声叫着夏天
5(300) 5(300) 5(300) 6(300) 5(300) 2(300) 3(600) | 操场边的秋千上
1(1200) | 只有蝴蝶停在上面
5(300) 3(300) 5(600) 5(300) 5(300) 3(300) | 黑板上老师的粉笔
6(300) 6(300) 7(300) 6(300) 0(300) 6(300) 6(300) 5(300) | 还在拼命叽叽喳喳写个不停
1(300) 1(300) 1(300) 1(300) 6(300) 6(300) 1(300) | 等待着下课等待着放学
2(600) 2(600) | 等待游戏的童年
5(300) 5(300) 5(300) 5(300) 5(300) 5(300) 3(300) 2(300) | 总是要等到睡觉前
1(300) 1(300) 6(300) 6(300) 6(300) 1(300) 6(300) 1(300) | 才知道功课只做了一点点
2(300) 2(300) 2(300) 1(300) 2(300) 1(300) 3(300) 2(300) | 总是要等到考试以后
2(600) 2(600) | 才知道该念的书都没有念
3(300) 3(300) 3(300) 3(300) 2(300) 1(300) 1(300) 1(300) | 一寸光阴一寸金老师说过
2(300) 1(300) 6(300) 5(600) 5(300) 0(300) 5(300) | 寸金难买寸光阴
5(300) 5(300) 5(300) 5(300) 5(300) 5(300) 3(300) 2(300) | 一天又一天一年又一年
1(300) 1(300) 6(300) 6(300) 6(300) 1(300) 6(300) 1(300) | 迷迷糊糊的童年
2(300) 2(300) 2(300) 1(300) 2(300) 1(300) 3(300) 2(300) | 迷迷糊糊的童年
2(600) 2(600) | 喔
3(300) 3(300) 3(300) 3(300) 2(300) 1(300) 1(300) 1(300) | 阳光下蜻蜓飞过来
2(300) 1(300) 6(300) 5(600) 5(300) 0(300) 5(300) | 一片片绿油油的稻田
5(300) 5(300) 5(300) 5(300) 5(300) 5(300) 3(300) 2(300) | 一天又一天一年又一年
1(300) 1(300) 6(300) 6(300) 6(300) 1(300) 6(300) 1(300) | 迷迷糊糊的童年
2(300) 2(300) 2(300) 1(300) 2(300) 1(300) 3(300) 2(300) | 迷迷糊糊的童年
2(600) 2(600) | 喔
1(600) 0(600) | 尾奏