0(860) 0(860) | 起拍
3(430) 2(430) 1(860) 2(430) 3(430) 5(1720) | 前奏·好一朵茉莉花
3(430) 2(430) 1(860) 2(430) 3(430) 5(1720) | 好一朵美丽的茉莉花
3(430) 2(430) 1(860) 2(430) 3(430) ^1(1720) | 好一朵美丽的茉莉花
5(430) 5(430) 6(430) 5(430) 3(430) 2(430) 1(860) | 芬芳美丽满枝桠
2(430) 3(430) 2(430) 1(1720) | 又香又白人人夸
3(430) 2(430) 1(860) 2(430) 3(430) 5(1720) | 让我来将你摘下
3(430) 2(430) 1(860) 2(430) 3(430) ^1(1720) | 送给别人家
5(430) 5(430) 6(430) 5(430) 3(430) 2(430) 1(860) | 茉莉花呀茉莉花
2(430) 3(430) 2(430) 1(1720) | 茉莉花
0(860) | 间奏
3(430) 2(430) 1(860) 2(430) 3(430) 5(1720) | 第二遍·好一朵美丽的茉莉花
3(430) 2(430) 1(860) 2(430) 3(430) ^1(1720) | 好一朵美丽的茉莉花
5(430) 5(430) 6(430) 5(430) 3(430) 2(430) 1(860) | 芬芳美丽满枝桠
2(430) 3(430) 2(430) 1(1720) | 又香又白人人夸
3(430) 2(430) 1(860) 2(430) 3(430) 5(1720) | 让我来将你摘下
3(430) 2(430) 1(860) 2(430) 3(430) ^1(1720) | 送给别人家
5(430) 5(430) 6(430) 5(430) 3(430) 2(430) 1(860) | 茉莉花呀茉莉花
2(430) 3(430) 2(430) 1(1720) | 茉莉花
3(430) 2(430) 1(860) 2(430) 3(430) 5(1720) 0(860) | 尾奏