0(600) 0(600) | 起拍
3(600) 3(600) 3(1200) | 前奏·叮叮当
3(600) 3(600) 3(1200) | 前奏·叮叮当
3(600) 5(600) 1(300) 2(300) 3(1200) | 前奏·铃儿响叮当
3(600) 3(600) 3(1200) | 冲破大风雪
3(600) 3(600) 3(1200) | 我们坐在雪橇上
3(600) 5(600) 1(300) 2(300) 3(1200) 4(600) | 奔驰过田野
4(600) 4(600) 4(300) 4(300) 4(600) 3(600) 3(300) 3(300) | 我们欢笑又歌唱
3(600) 2(300) 2(300) 3(600) 2(600) 5(600) | 铃儿响叮当
3(600) 3(600) 3(1200) | 叮叮当叮叮当
3(600) 3(600) 3(1200) | 铃儿响叮当
3(600) 5(600) 1(300) 2(300) 3(1200) | 我们滑雪多快乐
4(600) 4(600) 4(300) 4(300) 4(600) 3(600) 3(300) 3(300) | 我们坐在雪橇上
3(600) 2(300) 2(300) 3(600) 2(600) 5(600) | 坐在雪橇上
3(600) 3(600) 3(1200) | 第二遍·叮叮当
3(600) 3(600) 3(1200) | 铃儿响叮当
3(600) 5(600) 1(300) 2(300) 3(1200) | 我们滑雪多快乐
4(600) 4(600) 4(300) 4(300) 4(600) 3(600) 3(300) 3(300) | 我们坐在雪橇上
3(600) 2(300) 2(300) 3(600) 2(600) 5(600) | 坐在雪橇上
3(600) 3(600) 3(1200) | 叮叮当叮叮当
3(600) 3(600) 3(1200) | 铃儿响叮当
3(600) 5(600) 1(300) 2(300) 3(1200) | 我们滑雪多快乐
4(600) 4(600) 4(300) 4(300) 4(600) 3(600) 3(300) 3(300) | 我们坐在雪橇上
3(600) 2(300) 2(300) 3(600) 1(1200) | 我们坐在雪橇上
3(600) 5(600) 1(300) 2(300) 3(1200) 0(600) | 尾奏