0(1070) 0(535) | 起拍
5(535) 6(535) ^1(535) ^2(535) ^1(535) 6(535) 5(1070) 3(535) 2(535) 1(1070) 0(535) | 前奏
^1(535) 6(535) ^1(535) ^2(535) ^3(535) ^2(535) ^1(1070) 6(535) | 素胚勾勒出青花
^1(535) ^2(535) ^1(535) 6(535) 5(1070) | 笔锋浓转淡
^1(535) 6(535) ^1(535) ^2(535) ^3(535) ^2(535) ^1(1070) 6(535) | 瓶身描绘的牡丹
^1(535) ^2(535) ^1(535) 6(535) 5(2140) | 一如你初妆
^2(535) ^2(535) ^3(535) ^2(535) ^1(535) 6(535) ^1(1070) 2(535) | 冉冉檀香透过窗
3(535) 5(535) 3(535) 2(2140) | 心事我了然
^1(535) 6(535) ^1(535) ^2(535) ^3(535) ^2(535) ^1(1070) 6(535) | 宣纸上走笔至此
5(535) 3(535) 2(535) 1(2140) | 搁一半
0(535) 5(535) 3(535) 2(535) 3(650) 5(535) | 釉色渲染仕女图
2(535) 3(535) 5(535) 3(535) 2(2140) | 韵味被私藏
0(535) 5(535) 3(535) 2(535) 3(650) 5(535) | 而你嫣然的一笑
^1(535) 6(535) ^1(535) 6(535) 5(2140) | 如含苞待放
3(535) 2(535) 1(535) 2(535) 3(535) 5(535) 3(1070) 2(535) | 你的美一缕飘散
1(535) 2(535) 3(535) 5(2140) | 去到我去不了的地方
0(535) 5(650) 3(535) 2(535) 3(650) 5(535) | 天青色等烟雨
^2(650) ^1(535) 6(535) ^1(2140) | 而我在等你
0(535) 2(535) 3(535) 5(535) 3(535) 2(1070) 3(535) | 炊烟袅袅升起
5(535) 3(535) 2(535) 1(2140) | 隔江千万里
0(535) 5(650) 3(535) 2(535) 3(650) 5(535) | 在瓶底书汉隶
^2(650) ^1(535) 6(535) ^1(1070) 6(535) | 仿前朝的飘逸
5(535) 3(535) 2(535) 1(535) 2(535) 3(535) 5(2140) | 就当我为遇见你伏笔
0(535) 5(535) 6(535) ^1(535) ^2(535) ^1(535) 6(535) 5(1070) 3(535) 2(535) 1(1070) 0(535) | 间奏
0(535) 5(650) 3(535) 2(535) 3(650) 5(535) | 第二遍·天青色等烟雨
^2(650) ^1(535) 6(535) ^1(2140) | 而我在等你
0(535) 2(535) 3(535) 5(535) 3(535) 2(1070) 3(535) | 月色被打捞起
5(535) 3(535) 2(535) 1(2140) | 晕开了结局
0(535) 5(535) 3(535) 2(535) 1(535) 2(535) 3(1070) 2(535) | 如传世的青花瓷
1(535) 2(535) ^1(535) 6(2140) | 自顾自美丽
5(535) 3(535) 2(535) 1(2140) | 你眼带笑意
0(535) 5(535) 6(535) ^1(535) 6(535) 5(1070) 3(535) 2(535) 1(2140) | 尾奏
0(1070) | 结束